navigator:
  ros__parameters:

    action_server_name: "navigate_to_pose"
    cmd_topic: "destination"

    points:
      initial_point:
        x: 25.953046798706055
        y: 0.3632211685180664
        z: 0.0
        yaw: 0.00806551478399087

      work_station1:
        x: 28.355422973632812
        y: 1.0676343441009521
        z: 0.0
        yaw: 1.2870

      work_station2:
        x: 25.57489585876465
        y: 1.0407030582427979
        z: 0.0
        yaw: -3.1381

      work_station3:
        x: -1.1746397018432617
        y: 3.311403751373291
        z: 0.0
        yaw: -3.0894